8
2 0.000000 1.114800 1.407900 2.326800 2.933600 2.729700 3.002000 2.604700
5 1.114800 0.000000 1.005700 1.924600 2.531400 2.327500 2.599800 2.202500
3 1.407900 1.005700 0.000000 1.547100 2.153900 1.950000 2.222300 1.825000
4 2.326800 1.924600 1.547100 0.000000 1.285200 2.047900 2.320200 1.922900
6 2.933600 2.531400 2.153900 1.285200 0.000000 2.654700 2.927000 2.529700
1 2.729700 2.327500 1.950000 2.047900 2.654700 0.000000 1.039300 1.476000
7 3.002000 2.599800 2.222300 2.320200 2.927000 1.039300 0.000000 1.748300
8 2.604700 2.202500 1.825000 1.922900 2.529700 1.476000 1.748300 0.000000
8
2 0.000000 1.114800 1.407900 2.326800 2.933600 2.729700 3.002000 2.604700
5 1.114800 0.000000 1.005700 1.924600 2.531400 2.327500 2.599800 2.202500
3 1.407900 1.005700 0.000000 1.547100 2.153900 1.950000 2.222300 1.825000
4 2.326800 1.924600 1.547100 0.000000 1.285200 2.047900 2.320200 1.922900
6 2.933600 2.531400 2.153900 1.285200 0.000000 2.654700 2.927000 2.529700
1 2.729700 2.327500 1.950000 2.047900 2.654700 0.000000 1.039300 1.476000
8 3.002000 2.599800 2.222300 2.320200 2.927000 1.039300 0.000000 1.748300
7 2.604700 2.202500 1.825000 1.922900 2.529700 1.476000 1.748300 0.000000