8
2 0.000000 2.229500 2.815800 4.653800 5.867300 5.459200 6.004000 5.209300
5 2.229500 0.000000 2.011300 3.849300 5.062800 4.654700 5.199500 4.404800
3 2.815800 2.011300 0.000000 3.094600 4.308100 3.900000 4.444800 3.650100
4 4.653800 3.849300 3.094600 0.000000 2.570500 4.095800 4.640600 3.845900
6 5.867300 5.062800 4.308100 2.570500 0.000000 5.309300 5.854100 5.059400
1 5.459200 4.654700 3.900000 4.095800 5.309300 0.000000 2.078600 2.951900
7 6.004000 5.199500 4.444800 4.640600 5.854100 2.078600 0.000000 3.496700
8 5.209300 4.404800 3.650100 3.845900 5.059400 2.951900 3.496700 0.000000
8
2 0.000000 2.229500 2.815800 4.653800 5.867300 5.459200 6.004000 5.209300
5 2.229500 0.000000 2.011300 3.849300 5.062800 4.654700 5.199500 4.404800
3 2.815800 2.011300 0.000000 3.094600 4.308100 3.900000 4.444800 3.650100
4 4.653800 3.849300 3.094600 0.000000 2.570500 4.095800 4.640600 3.845900
6 5.867300 5.062800 4.308100 2.570500 0.000000 5.309300 5.854100 5.059400
1 5.459200 4.654700 3.900000 4.095800 5.309300 0.000000 2.078600 2.951900
8 6.004000 5.199500 4.444800 4.640600 5.854100 2.078600 0.000000 3.496700
7 5.209300 4.404800 3.650100 3.845900 5.059400 2.951900 3.496700 0.000000